字典最大索引: 2619

=== 编码序列 ===
  65   32  112  117   98  108  105   99   32  107  101  121   32  105  110  102  114   97  115  116 
 114  117   99  116  117  114  101   32   40   80   75   73   41   32  115  117  112  112  111  114 
 116  115   32  116  104  282  100  105  274  114  105   98  117  116  105  111  110   44   32  281 
 118  111   99   97  309  311   32   97  110  100   32  118  101  305  102  262  319  310  110   32 
 111  102  257  259  261  263  265  121  297  117  115  101  325  102  294  338  260  262  264  266 
  32  101  110   99  114  121  112  320  312  322  324  356  110   97  260  101  297  261  110  107 
 269  103  335  337  105  100  357  309  309  371   32  119  105  299  351  340  354  267   99  328 
 309  330  318  116  371   46   32  256  285   73  367  369  108  385  345  328  297  323  325  115 
 343  399  109  297  116  111  289  101   99  280  101  108  267  101  120   99  104  323  103  301 
 319   97  335  327  114  298  300  268  110  399  114  110  101  116  365  325  439  105  102  267 
 299  282  408  103  388  105  109   97   99  267  336   32  394  295  453  331  399   45  104  111 
 108  302  110  377  382  460  371  313  290  431  322  297  119  101   98  346  114  439  115  313 
 111  456  440   97  308  300  444  471  347  422  492  411  450  443  302  118  380  117   97  108 
 115  401   84  442  404  406  370  344  491  419  421  499  456  502  398  301  105  459  116  514 
 467  395  470  530   32  474  476  411  313  273  386  426  108  486  298  421  109  347  105  319 
 282  456  257  114  317  371  297  466  468  396  503  314  101  316  398  333  313  345  376  467 
 360  362  111  103  272  112  104  353  514  103  294  388  104  418  550  422  424  281  441  282 
 112  559  394  115  516   10   10  520  564  538  555  297  269   99  108  117  381  322  390  353 
 342   32  410  348  350  357  359  361  363  508  622  577  579   97  581  583  500  480  570  321 
 466  100  436  422  444  590  350  271  111  109  594  367  383  455  432  449  119  545  303  290 
 504  557  604  397  555  401   79  497  443  349  114  462  624  608  610  381  325  269  613  603 
 537  659  399  443  609  611  385  380  480  454  574  269  665  667  333  322   98  111  308  646 
 658  566  541  381  114  544  692  694  557  520  299  319  268  599  117  656  442  696  530  544 
 366  496  300  440  637  534  679  670  574  657  676  503   39  297  359  101  332  321  720  282 
 413  326  514  380  388  267  112  328  310  100   46  601   87  587  693  449  404  483  357  115 
 460  327  664  294  689  321  318  334  274  105  108  548   98  282  621  576  399  100  313  754 
 280  574   99  311  330  381  502  738  116  121  715  325  429  431  433  504  768  116  488  357 
 298  119  421  480  384  494   32  307  449  497  282  797  117  476  802  282  110  526  709  272 
 358  282  466  557  683  502  784  378  646  717  328  257   97  295  121  401   65  110  267  688 
 823  346  110  755  309  757  720  437  788  432  478  504  111  439  646  269  445  447  449  303 
 567  261  323  449  321  704  286   32  665  521  373  377  557  410  823  258  352  341  355  626 
 420  628  581  267  768  318  869  861  405  357  407  385  557  527  501  309  530  787  430  845 
 434  870  339  615  266  600   10   69  408  552  444  562  337  404   10  256  784  112  331  548 
 520  669  681  419  442  349  766  111  387  478  392  356  904  382  115   58  601  911  276  274 
 504  112  828  822  596  848  683  919  282  559  496  823  275  345  449  864  514  915  862  713 
 606  508  940  511  381  297  491  511  598  441  707  762  810  617  346  325  420  322  632  529 
 555  850  781  648  823  269  510  512  514  801  778  109  258  445  412  716  663  799  105  400 
  32   85  290  952  267  107  812  119  334  545  955  678  889  586  800  283   67   65   41  313 
 456  346  647  481  297  958  683  486  290  815  394  691  750  646  937  469  682  978  470  504 
 673  437  675  469  677  101  401   69  463  104   32 1012   32  462  851   97  269  607  296  335 
1003  314  111  946 1012  313  864  869  311  427  802  649  282 1012  746  256  281  459  304  732 
1004  500 1009  267   40   82 1013  495  102  399  334  318  766  504  437  290  692  114  477  976 
1060  708  655  297 1038  565  530  516   32  518  282 1081  708  536 1039  994  325   98  267  437 
 945  449 1047  736 1008  305  122  656  421  654  710 1109 1101  956  864  115  742   99  538  969 
 385  742  666  388  772 1066  646 1116  746  910 1127  605  678  842   98  273  282  274  294  682 
 270  759 1075 1027  694 1125  504 1006  995   73 1004  100  302  624  972  725 1110  539  388  346 
 108  102 1015  442 1149 1151  722  918  737  261 1168  741  743  111  325  736  274  319  345  823 
 731  485 1100 1147 1041 1046  726  539  315  317 1158  855  100  311  282 1113  617  112  720  724 
 582  297 1180  346  313  119  582  485  109  949  968  113  710  305 1123  973  528  891  976  323 
 267  842   32  302  533  999  289  532  447  325  620  358  771  504  387  389  557  346  730  449 
 616  818  712 1202  976  698  328 1144  256 1163  289  420  281 1220 1222 1045  855  345  513  766 
1187  666  323  382 1065 1153  281 1245 1004  467  644  988  328  313  967  984  421  768 1048 1051 
 444 1295 1035  334  552  109  294  834  350  629  112  340 1075  919  707 1208   32  812  449  281 
1227  105  593  706  449 1163  297 1293 1281  936  328  462  447  444  427  517 1258 1172  976 1324 
 865 1136  559  628  589  276  110  110  574  860  442  415  935  645  972  463  598  961 1267 1162 
1259  399  985 1356  944  568 1205  624  261  274  990  325 1265  948  274   32 1364  296 1263 1046 
 256 1161 1217  532  388  535 1321  590  993  385  736  981  105  959 1274  115   59  322  292 1307 
 906 1294  879 1360 1316 1282  590  452  454  594 1317  268 1033  822 1250 1271 1247  731  755  925 
 381  579  101  385  466  273 1024  323 1026  864 1382 1410  679  281  273  574  408  327  515  823 
 118  738 1214  311 1331  282 1125  574 1047 1239 1380 1275 1242  103  838 1146 1040  523  686 1054 
1253  281 1255  266 1392 1174  614  873 1114  366 1445  534  548  755 1449 1193  593  828  282  462 
 612   97 1436  765  886  863 1304  974 1233 1169  526  766  443  445  371 1140 1030 1010 1036  422 
1176   45 1469 1244 1375 1451  503  401 1012  523  556  442 1369 1140 1116 1501  539  972  730 1234 
  32   34  789  673  818  934  116   59   34 1294  833 1057  946 1382 1473  356  109  768 1167 1298 
 546   98  802  559  119  524  289  421  456  267  432  757  307  765  116   45  673 1508  947  474 
1017 1504  401   87  489  505  493  774 1049  548  609  994  906  483  462  295  581 1209 1366 1525 
 465  663  912 1419  337  432 1093  652 1472  366  115  336  793 1530   45   45 1182  477  377   73 
 111   84 1238  568  262  385 1590  322  515  421  290  292  294  751  862  736  778 1296 1552 1521 
 504 1510 1382  643 1349  442  462  106  350 1557  601 1198 1452  910  108  311  377 1427  323 1018 
 784  728  335  440 1387 1389  514 1637  871  391  342  313 1466 1381 1359  729  311  534  673  687 
1157  624  369 1028  888  108  585  305  299  645  618  590 1514  678 1252 1243 1471  101 1178  595 
 411  635  440  799  267  820  565  347 1674 1238 1379 1467 1448  368  279  593 1257 1068  911  650 
 326  743  330  711 1152  259  106  423  449 1237 1386  709 1699 1511  555 1684  258  114  293 1017 
1692 1462  926  770  623  571 1688 1672  625 1359 1688  376  544  487  547  549  437  734  314  790 
1238  776  925 1221  262 1045 1171 1128  678  967 1293 1612  755  699  504 1436 1185 1144   87  582 
 408   32 1627  503  412  593 1666  864  461 1306  101  905  309  925  875  578  580  104  465  849 
 488 1537  736  825 1639  444  328  853 1285 1342 1703  333  801 1544  322 1472 1604 1135  619  440 
1779 1393 1306  471 1787  313  917 1593  509 1388  983 1565 1356  690 1425 1189 1152 1243  574 1305 
1307  363  801  951 1483 1799 1415 1686  535  275  323  115  463 1817  508 1301  281 1144   80  559 
 370  589 1427  909  520 1021  960  613 1518  334 1520 1225 1586  965  854 1408  994  562 1284  853 
 797  114  107  467 1634 1293 1403 1111  401   72  923  568 1288 1371  105  265  365  393  432  269 
 544 1757  862  855 1064 1114 1353  559  925  653 1054  488   97  265 1370  373  107 1440 1472  593 
1436  305  693 1353  413  828  100 1309 1320  848  826  273 1132 1054  466  520 1602  484 1045  545 
 557 1165  852  448   32   88   46   53   48   57 1757  898  263   75  355 1165  271  273  948  278 
 425 1201 1333  678   80  475  262 1464  325   67 1808  321 1834 1828 1600  297   70  272  552 1856 
1858 1080   70   67   32   50   53   50   55   41 1144 1105 1937 1743  690   65 1077 1663  267   66 
1539  491   32   70  294  117  109  544 1792 1001  923 1004  297 1012   47 1975  923 1977 1979  276 
1982 1108 1634  981  949  360 1784 1586  469 1981 1481  117  324 1535   50   48   48   53  508 1221 
 111 1017 1300  768  114  607  358  670 1693  801   98 1976  826 1586 1084 1583  595  898  115  718 
1574 1796 1347  417  558  941  699  487  474 1135 1920 1922 1924 1685 1240 1807 1938  385  864 1719 
 362  690 1119 1820  634  110 1440 1375 1990 2027  440 1994 2005 1644  303  300  297  103  117  683 
 373 1385  366  768 1370  596 1949  964  864 1504  313 2026 1992 1906  991  718  827 1031 2021  316 
 108  327  672  334  883  549  388  856  956 1170  442 1063  337 1648 2051 1743  400  932  108  299 
 693  103 1914 1500 1879 1084  795  281  102  328 1401 1350  412 1516 1508  711 1317  325 1492  785 
1524 2034 1608  986  376 2021  646 1253  776  939  597  347  425  907  737 1897 1194 1504  443  567 
 394  640  121  731 2020  540  545 1702  111 1030  302 1122  971 1521 2154  557  480  593  520  321 
1739  485  819 1781  446 1919  381  742  324 1103   73  337 1209 2119 1651  987  559  109  303 1683 
2142  423 2144  465  337 2171  502 2173 1878  412 1314  303 1892 1978  620  120   97  987  408 1801 
 334 2010   49   49  313 1559 1537 2087 1540  826  327  324  294 1729  593  665  394  971 1292  108 
 463  107 1372 1603 2110 1199  607 1707 1112 1067   32   68  308  485 1047   68 1379   78  496  828 
 322 2121  440 1831 1506 1634 1923   48  863 1888  282 1426  328  531  115  778  439  347 1144 1165 
1960   48   49   55  313   71 1058  103 1756  357  459  447  507 1681 1034 2133 1835  904  487  587 
1709 1357 1097  710  971  104  559  117 2117   32   83  121 1327  399   99 1637 1047  307 1414  561 
1269 1740 1371 1230 1091  346 1227  382 1685  304 1225 1420 1487 1382 1161 2244 2305 2307  858  423 
 558  310  440 2105 1152  514  817  379 1054 2312  573  447  599  590 2251  459 1945  295 1371 1933 
  32 2158  828 1374 1776  947 1521  910 1004 2114 1782  332  757 1305  559 1044  590 2346  377  437 
1047 1350 2059  976 2069 1463  758 1277  668 2128  381 2156 1825  261 2167  298 2169 1301  381 1565 
 952 1089 1516 2360 1846  274   44 1524  437 1612  394  362 1793 2154 1834  448  822 2281 1189 1757 
 305 1436  464  283   80   71   80  288 1778  663   79 2183 2420   80   45  986  937  309  370  289 
 416 1766 2185  838  399   97 1245  337  281  427  574 1586  408 1065  321  437  582  328  828  431 
2199 2296  735 1972 1019 1289 1650 1790 1812 1449  791 1576 2091  410 2160  972  357 1208 2020 1506 
 735  599  317  554  624 1257  707 2380  926 1427  557 1137 1586 1845 1678  821  267 1372 1535 1742 
1199 1144   79  447 2040 1836  386 2295  299  855  552 2115  672 2128 2469 2161  525 2391 1225  952 
 441 2016 1441 2099  442  616 1844  590 1293  474 2347  116  483 1124  116  226  128  153  907 1085 
 810 1370  290  388 2319  462  766  572 1977  986 1224 1343  800  401 1994  356 2211 2213 1673  365 
 647  328  596 2194 1285  808  325  869  437 2399 2200 2169 1819 1232 1821  867  442 2289  822  466 
1461  851 2366  548  736  281 1301  678 2469 1574  381  963 1164 1904 2561 1603 1848 1828 2101 1909 
1056 1096 2373 1542 2030 1530 1913  549   77  262  559 2029 1117 1725   83  328 2587 2512 1161  508 
1204 1871 2109 2457  600 